227.2076237
74.67503454
63.18628512
53.42679976
135.4693501
187.2384205
162.2227502
156.987176
96.73392698
157.143183
156.8164962
50.62121837
35.84165905
150.0482575
59.83935237
77.79980287
445.9407301
133.2101107
455.8938002
32.22559418
167.840057
23.44242395
207.6652346
83.17830889
66.88240005
38.58927162
208.1482145
395.2648153
197.2544702
204.3754016
175.9869075
207.1297332
207.8294523
36.41005793
223.3747945
58.91522292
248.7708464
256.4311141
398.7785813
233.4401783
146.2664929
46.45221781
103.4503298
115.8314538
356.2934925
59.46474473
55.42066249
196.1686385
297.8678021
85.63515752
314.1212301
327.0948734
236.4601161
313.9558716
40.38039072
136.9993641
399.5868302
168.4854121
136.947994
167.0705816
343.2572291
242.807064
118.2553642
144.7425521
26.60208176
442.7441922
18.08278905
133.5428243
180.9736108
227.5578375
166.2046211
362.7003399
225.7263772
95.87699764
14.36040026
105.265642
228.5282931
6.878469675
66.81977535
131.5171169
67.00950726
249.0383155
269.0126865
61.28262193
308.2501913
5.835695453
263.0699951
105.9353432
205.477254
59.93864648
103.1176462
98.24587645
16.16066429
298.5443184
127.3136258
132.0483394
29.55784743
230.1775286
114.3822048
107.7397776
224.3061882
232.1113098
48.96867933
116.2425326
10.71963903
7.903608001
132.1980684
104.6247473
174.5229057
408.1903514
171.0815538
148.6333182
309.650963
113.327776
104.9031713
199.2118399
95.88149735
174.0918909
88.81726429
57.96472441
159.3273119
110.187033
177.4342461
337.5393315
83.33174703
94.32113272
196.9799421
190.4690645
52.7580807
69.71451629
111.008855
199.4434388
210.2777848
158.451911
54.65177198
262.1607072
118.400175
165.3145898
199.6457915
229.4732399
185.6310814
169.3198211
303.1847735
345.4033832
2.656183839
44.83840321
206.0766006
176.1440301
220.5339628
359.9579445
88.53185655
141.954613
93.80876238
115.9918039
142.7680543
241.264867
38.86667753
137.1249382
220.2594979
287.3877765
172.8749926
145.2078924
188.4832065
573.1368131
271.3966944
38.09857638
82.01344778
153.2227243
387.6394629
187.4499534
156.6740055
185.5212478
295.6590619
122.1282819
113.5232743
17.92555303
406.5873674
7.238506306
534.3216668
178.4144518
353.4120275
34.33688209
416.0044218
83.78472668
63.94393969
295.3560228
219.4115979
350.0218544
271.68188
62.27927069
136.0818102
172.6687585
140.9793565
48.87348453
265.7888593
70.7626644
150.4596111
63.74086256
72.61175251
159.5758775
237.0214311
135.2671823
281.3476679
49.31951343
262.8402056
93.99224966
155.5559844
63.4348888
501.2770058
83.74304722
217.0783581
135.8176113
30.3824757
312.9816753
80.21534115
105.2090278
66.80410235
323.4853145
427.8079914
235.1686293
110.7807348
98.29671803
122.4028976
426.7379359
109.7633525
129.2012101
162.8968177
479.7310995
162.8552843
192.8610559
18.12286191
148.9901553
29.89038409
82.99574084
453.5835271
93.51980359
161.1222313
84.19438663
183.6930778
80.63954589
124.4634953
69.17223178
101.9859012
258.2149259
144.643124
89.35496427
322.615429
257.2994154
495.1971362
191.6206843
57.35004839
157.6856686
211.2345223
89.88837401
449.5076223
237.2647994
114.8699544
103.1793463
269.8821568
287.0944578
50.65381615
20.2807803
258.764718
352.760572
88.69642675
159.7276288
58.62139813
249.812023
142.280945
133.8323774
111.3636979
258.7197246
77.11616382
41.0695194
208.7501658
81.17709329
304.0059121
160.8510855
62.32392357
191.1283445
420.567729
291.5843814
49.97818378
134.7725097
81.66774358
93.03987026
187.635158
353.5621147
71.55452132
148.3455486
23.11276321
57.94406969
422.7543338
465.5954437
113.9079013
35.91622491
84.08558051
97.28142649
212.3416495
302.8630574
